1.2007e+08   5.7662e+07   1.6019e+09   4.0105e+08   2.5500e+08   2.1869e+08   5.6086e-01
6.9469e+07   5.0777e+07   2.1494e+08   6.2391e+08   6.1457e+08   2.1312e+08   5.6094e-01
9.8464e+07   1.2017e+08   3.6129e+08   2.0506e+08   1.8840e+08   1.2017e+09   5.6077e-01
6.5800e+07   1.6862e+08   6.2685e+08   2.1911e+08   2.7586e+08   1.8898e+08   5.6063e-01
4.5949e+07   2.1048e+08   2.1048e+08   2.1048e+08   4.6448e+08   2.1048e+08   5.6060e-01
4.7041e+07   2.0447e+08   4.9942e+08   2.0420e+08   2.0440e+08   2.0424e+08   6.0811e-01
3.5419e+07   2.1428e+08   2.0366e+08   2.0365e+08   2.0144e+08   3.7090e+08   6.0804e-01
3.6021e+07   1.9830e+08   4.0966e+08   1.9830e+08   1.9830e+08   1.9830e+08   6.5543e-01
2.8756e+07   1.9114e+08   1.9394e+08   1.9789e+08   2.1046e+08   3.2669e+08   6.5536e-01
2.9263e+07   1.8139e+08   1.9764e+08   3.6788e+08   1.9098e+08   1.8936e+08   7.1125e-01
2.4375e+07   1.8842e+08   3.1118e+08   2.0475e+08   1.8334e+08   1.8403e+08   7.1128e-01
2.4631e+07   1.8358e+08   1.8358e+08   1.8358e+08   3.4470e+08   1.8358e+08   7.5026e-01
2.0987e+07   1.7819e+08   3.0499e+08   1.7144e+08   1.8448e+08   1.9974e+08   7.5013e-01
1.5404e+07   1.7991e+08   1.5709e+08   1.9011e+08   1.8218e+08   2.5861e+08   7.5015e-01
1.4629e+07   1.7339e+08   1.6611e+08   1.8693e+08   2.4680e+08   1.8082e+08   7.4999e-01
1.1639e+07   1.7083e+08   1.7083e+08   2.3199e+08   1.7083e+08   1.7083e+08   7.4983e-01
9.3696e+06   5.7051e+07   1.6790e+08   4.1783e+08   1.6790e+08   1.6790e+08   7.5080e-01
8.5892e+06   5.6724e+07   1.6119e+08   1.6120e+08   4.3808e+08   1.6120e+08   7.5076e-01
7.5243e+06   1.4547e+08   5.9400e+07   3.9030e+08   2.3768e+08   1.1366e+08   7.5093e-01
6.3609e+06   5.5296e+07   1.4489e+08   1.4489e+08   4.8309e+08   1.4489e+08   7.5062e-01
5.7638e+06   5.8721e+07   1.0995e+08   1.0740e+08   3.2297e+08   3.1351e+08   7.5061e-01
5.4203e+06   5.3085e+07   1.3870e+08   1.3667e+08   5.0800e+08   1.3869e+08   7.5029e-01
4.6682e+06   2.8012e+07   1.3944e+08   1.3944e+08   5.2567e+08   1.3944e+08   7.5045e-01
4.1914e+06   2.7103e+07   1.3434e+08   1.3446e+08   1.3439e+08   5.5440e+08   7.5033e-01
3.8540e+06   2.8085e+07   1.9943e+08   9.8958e+07   1.1572e+08   5.1777e+08   7.5060e-01
3.4743e+06   2.5591e+07   1.2710e+08   1.2710e+08   5.9768e+08   1.2710e+08   7.5013e-01
3.2829e+06   2.5525e+07   9.9878e+07   1.4595e+08   5.9502e+08   1.3434e+08   7.5010e-01
3.0113e+06   2.4926e+07   1.4123e+08   9.1563e+07   6.0595e+08   1.4123e+08   7.5006e-01
2.7171e+06   7.0257e+07   2.5599e+07   5.7145e+08   1.6426e+08   1.4471e+08   7.5061e-01
2.6173e+06   2.4840e+07   7.3124e+07   1.8664e+08   5.6251e+08   1.2338e+08   7.5003e-01
2.5101e+06   2.4945e+07   6.7286e+07   1.4712e+08   1.5748e+08   5.9223e+08   7.5019e-01
2.3113e+06   6.0965e+07   2.4700e+07   1.5484e+08   1.5486e+08   5.9034e+08   7.5006e-01
1.4063e+07   1.4038e+07   1.1283e+09   3.3142e+08   3.1374e+08   1.2481e+08   7.5021e-01
