1.1294e+08   3.3741e+07   2.4060e+08   1.2958e+09   2.0792e+08   5.5155e+08   5.6091e-01
8.2124e+07   3.3323e+07   3.1645e+08   9.4328e+08   2.1636e+08   3.5542e+08   5.6077e-01
1.3054e+08   5.9314e+07   3.9967e+08   2.3527e+08   1.5215e+09   2.5504e+08   5.6075e-01
5.2010e+07   4.6750e+07   2.6703e+08   7.6376e+08   2.6846e+08   2.6832e+08   5.6079e-01
6.0989e+07   8.6502e+07   2.4699e+08   5.6759e+08   2.5392e+08   2.7268e+08   5.6083e-01
9.0386e+07   1.4564e+08   2.3042e+08   2.2924e+08   2.3295e+08   6.6565e+08   6.0865e-01
4.3567e+07   7.7560e+07   2.4710e+08   2.4710e+08   2.4710e+08   4.7969e+08   6.0862e-01
4.5877e+07   7.5072e+07   2.4827e+08   2.4827e+08   4.7637e+08   2.4827e+08   6.5595e-01
3.3621e+07   6.8778e+07   4.1802e+08   2.4291e+08   2.4045e+08   2.3816e+08   6.5600e-01
3.4194e+07   6.2578e+07   3.9260e+08   2.4715e+08   2.4715e+08   2.4715e+08   7.1181e-01
2.4335e+07   1.7556e+08   1.8353e+08   2.2480e+08   1.8468e+08   3.0161e+08   7.1130e-01
2.4583e+07   2.1996e+08   1.8739e+08   1.7268e+08   1.6558e+08   3.3080e+08   7.5023e-01
2.0863e+07   3.1439e+08   1.7654e+08   1.5861e+08   1.9232e+08   2.0337e+08   7.5013e-01
1.5385e+07   1.7207e+08   1.7353e+08   1.7417e+08   1.8322e+08   2.6532e+08   7.5005e-01
1.4580e+07   1.8562e+08   1.7669e+08   1.7040e+08   1.6562e+08   2.6029e+08   7.4990e-01
1.1642e+07   1.6732e+08   1.7471e+08   1.7051e+08   1.7199e+08   2.3042e+08   7.4979e-01
9.3581e+06   5.7288e+07   1.4749e+08   1.4407e+08   2.8269e+08   3.1776e+08   7.5078e-01
8.6066e+06   1.4321e+08   1.7168e+08   5.7737e+07   4.4387e+08   1.6631e+08   7.5077e-01
7.5844e+06   9.5810e+07   4.2811e+08   6.5357e+07   1.8527e+08   1.8759e+08   7.5084e-01
6.4643e+06   6.7679e+07   1.7953e+08   4.6792e+08   1.6511e+08   8.7527e+07   7.5096e-01
5.7901e+06   2.0394e+08   8.4304e+07   4.4709e+08   1.4953e+08   6.3880e+07   7.4876e-01
5.4196e+06   5.3222e+07   1.3328e+08   1.3944e+08   1.4087e+08   5.0959e+08   7.5026e-01
4.6704e+06   2.8054e+07   1.3745e+08   5.2748e+08   1.3946e+08   1.4104e+08   7.5047e-01
4.2503e+06   1.0250e+08   1.4524e+08   1.5257e+08   2.8708e+07   5.8643e+08   7.5076e-01
3.7982e+06   1.2945e+08   2.6376e+07   1.3070e+08   5.7624e+08   1.3114e+08   7.5022e-01
3.4729e+06   2.5689e+07   1.1626e+08   1.4566e+08   1.2177e+08   5.8955e+08   7.5007e-01
3.4487e+06   2.8506e+07   1.2142e+08   1.2318e+08   1.1005e+08   6.9185e+08   7.5689e-01
3.0165e+06   1.7767e+08   1.1392e+08   2.5225e+07   9.2319e+07   5.7640e+08   7.5009e-01
2.7096e+06   7.5923e+07   5.9816e+08   1.4834e+08   1.4851e+08   2.4870e+07   7.5006e-01
2.6116e+06   1.1727e+08   7.9923e+07   2.4325e+07   1.7578e+08   6.0208e+08   7.5002e-01
2.4968e+06   7.1798e+07   1.5656e+08   1.4049e+08   6.0301e+08   2.4221e+07   7.4987e-01
2.3072e+06   2.4622e+07   5.9588e+08   6.1625e+07   1.4027e+08   1.6868e+08   7.4971e-01
1.4063e+07   1.4038e+07   1.1283e+09   3.3142e+08   3.1374e+08   1.2481e+08   7.5021e-01
